 -4.861275e-01
-5.334641e-01
-5.767348e-01
-6.159022e-01
-6.509619e-01
-6.819400e-01
-7.088920e-01
-7.319002e-01
-7.510713e-01
-7.665342e-01
-7.784369e-01
-7.869445e-01
-7.922355e-01
-7.945002e-01
-7.939372e-01
-7.907517e-01
-7.851524e-01
-7.773498e-01
-7.675542e-01
-7.559736e-01
-7.428121e-01
-7.282689e-01
-7.125366e-01
-6.958003e-01
-6.782369e-01
-6.600145e-01
-6.412915e-01
-6.222168e-01
-6.029294e-01
-5.835583e-01
-5.642223e-01
-5.450310e-01
-5.260838e-01
-5.074715e-01
-4.892756e-01
-4.715692e-01
-4.544174e-01
-4.378777e-01
-4.220005e-01
-4.068292e-01
-3.924013e-01
-3.787483e-01
-3.658966e-01
-3.538672e-01
-3.426771e-01
-3.323388e-01
-3.228610e-01
-3.142490e-01
-3.065049e-01
-2.996278e-01
-2.936144e-01
-2.884586e-01
-2.841524e-01
-2.806700e-01
-2.780155e-01
-2.761752e-01
-2.751340e-01
-2.748750e-01
-2.753804e-01
-2.766312e-01
-2.786072e-01
-2.812874e-01
-2.846498e-01
-2.886717e-01
-2.933295e-01
-2.985993e-01
-3.044562e-01
-3.108751e-01
-3.178303e-01
-3.252957e-01
-3.332449e-01
-3.416511e-01
-3.504875e-01
-3.597269e-01
-3.693421e-01
-3.793056e-01
-3.895902e-01
-4.001684e-01
-4.110129e-01
-4.220966e-01
-4.333923e-01
-4.448732e-01
-4.565126e-01
-4.682843e-01
-4.801621e-01
-4.921204e-01
-5.041338e-01
-5.161776e-01
-5.282272e-01
-5.402589e-01
-5.522500e-01
-5.641789e-01
-5.760241e-01
-5.877648e-01
-5.993813e-01
-6.108545e-01
-6.221665e-01
-6.333001e-01
-6.442394e-01
-6.549692e-01
-6.654756e-01
-6.757457e-01
-6.857674e-01
-6.955300e-01
-7.050234e-01
-7.142391e-01
-7.231691e-01
-7.318068e-01
-7.401466e-01
-7.481837e-01
-7.559146e-01
-7.633368e-01
-7.704488e-01
-7.772499e-01
-7.837409e-01
-7.899232e-01
-7.957994e-01
-8.013731e-01
-8.066487e-01
-8.116316e-01
-8.163283e-01
-8.207459e-01
-8.248925e-01
-8.287768e-01
-8.324085e-01
-8.357977e-01
-8.389556e-01
-8.418937e-01
-8.446237e-01
-8.471579e-01
-8.495090e-01
-8.516898e-01
-8.537135e-01
-8.555932e-01
-8.573423e-01
-8.589740e-01
-8.605014e-01
-8.619377e-01
-8.632954e-01
-8.645871e-01
-8.658248e-01
-8.670201e-01
-8.681840e-01
-8.693272e-01
-8.704595e-01
-8.715902e-01
-8.727277e-01
-8.738798e-01
-8.750534e-01
-8.762547e-01
-8.774889e-01
-8.787604e-01
-8.760740e-01
-8.677954e-01
-8.564739e-01
-8.413828e-01
-8.217504e-01
-7.967897e-01
-7.657305e-01
-7.278550e-01
-6.825323e-01
-6.292505e-01
-5.676448e-01
-4.975195e-01
-4.188626e-01
-3.318542e-01
-2.368652e-01
-1.344507e-01
-2.533521e-02
8.960714e-02
2.093768e-01
3.328765e-01
4.589409e-01
5.863666e-01
7.139419e-01
8.404755e-01
9.648219e-01
1.085905e+00
1.202720e+00
1.314401e+00
1.420180e+00
1.519417e+00
1.611598e+00
1.696341e+00
1.773393e+00
1.842623e+00
1.904018e+00
1.957746e+00
2.005825e+00
2.046488e+00
2.080083e+00
2.107017e+00
2.127739e+00
2.142729e+00
2.152486e+00
2.157514e+00
2.158308e+00
2.155353e+00
2.149103e+00
2.139982e+00
2.128375e+00
2.114620e+00
2.099009e+00
2.081780e+00
2.063120e+00
2.043162e+00
2.021990e+00
1.999636e+00
1.976087e+00
1.951289e+00
1.925150e+00
1.897546e+00
1.868329e+00
1.837331e+00
1.804370e+00
1.769261e+00
1.731820e+00
1.691870e+00
1.649246e+00
1.603803e+00
1.555424e+00
1.504016e+00
1.449523e+00
1.391926e+00
1.331242e+00
1.267530e+00
1.200892e+00
1.131468e+00
1.059441e+00
9.850293e-01
9.084901e-01
8.301121e-01
7.502135e-01
6.691374e-01
5.872475e-01
5.049232e-01
4.225544e-01
3.405363e-01
2.592645e-01
1.791297e-01
1.783999e-01
9.986435e-02
2.320416e-02
-5.123184e-02
-1.231171e-01
-1.921507e-01
-2.580604e-01
-3.206047e-01
-3.795748e-01
-4.347958e-01
